1900
1668
1300
825
820
1032
953
879
1211
1249
1795
1927
1752
1299
1291
785
848
818
748
644
895
1141
1458
1781
1443
1123
1298
771
751
830
710
978
799
1361
1767
1557
1365
1394
955
855
729
721
757
900
959
1316
1506
1678
1396
1381
923
887
784
766
952
833
1040
1675
1830
2174
2149
1325
1073
1095
910
778
1001
921
1134
1862
1880
2005
1985
1264
1002
950
761
944
736
940
1085
1808
1581
2374
1480
1054
899
927
1291
816
807
941
1011
1608
1603
2178
1393
1334
1000
736
786
688
670
883
1014
1734
1582
2008
1422
1300
792
798
692
630
673
720
922
1348
1478
1297
1201
823
746
620
446
554
555
737
636
840
1061
1097
1085
946
610
487
492
538
418
524
776
1201
1091
1372
916
908
567
492
443
298
534
506
613
1175
1394
1685
1117
1058
579
444
476
441
678
693
709
1408
1515
1766
1266
1046
558
567
539
466
635
737
923
1386
1577
2346
1235
1247
671
589
675
695
900
766
1079
1833
1908
2256
1673
1374
778
698
792
852
887
929
1070
2070
1873
2918
1844
1529
914
760
804
858
680
1058
1075
2209
2317
2167
1898
1715
926
806
928
1129
701
550
707
737
833
971
770
867
604
654
409
422
441
517
382
484
420
507
499
487
314
434
124
407
229
265
302
238
139
64
129
81
235
61
113
65
103
80
103
94
102
170
177
87
141
80
56
82
63
89
144
85
220
163
156
155
200
139
179
199
197
220
178
215
214
477
218
331
246
193
251
357
346
278
405
345
348
410
531
1021
491
891
876
678
640
717
684
1092
866
917
933
1038
676
626
723
835
755
754
962
1097
1313
1182
1257
979
927
624
791
558
753
617
933
993
1415
1673
1360
1350
1144
982
662
974
821
1205
1037
1500
2432
2539
1762
1536
1102
1026
1228
716
1048
1328
1516
2122
2064
2515
1591
1517
914
1182
1029
971
944
1714
1337
2390
2373
2482
1795
1816
1258
1160
972
954
1351
1397
1497
2358
2361
2703
2097
1729
1123
1233
1226
1098
1563
1499
1805
2502
2362
2842
2188
2236
1340
1237
1064
1384
1283
1693
1777
2908
3035
3458
2346
2073
1653
1199
1272
1369
1711
1807
2208
3221
3384
3414
2864
2155
1579
1301
1531
1463
1970
2287
3223
3448
3419
3941
3115
2462
1590
1570
1626
1558
2114
2389
2815
4408
3526
4467
3738
2895
1673
1478
1723
1606
2285
2848
2448
5073
4075
4155
3577
2670
1923
1604
1794
2188
2853
3270
3026
5149
5071
4952
4084
2939
2057
1939
1925
2063
3169
3354
3507
5977
5647
5905
4353
3175
2474
2387
2510
2955
4416
5059
4741
7336
6745
7201
4881
4296
3141
2882
3119
3221
5253
6106
5449
8664
7027
8115
5530
4593
3471
3043
3668
4354
5933
6995
5902
10355
9373
8878
6737
5900
3982
3757
3731
5074
6711
7695
7149
12624
11142
11103
8370
7009
4692
4428
4796
6477
8519
8031
9801
15562
11263
12236
9434
8880
5807
5201
6518
6851
8227
9874
10469
17304
12221
14167
12404
9362
7886
7693
8813
8995
8544
10181
10860
18984
15349
15834
11166
9769
7048
6750
8263
8509
8568
11580
10480
21819
14710
17301
12429
10503
8137
7426
10031
9550
10005
13767
12284
23380
17026
19023
15003
11922
9052
9738
12766
10957
12875
16784
13682
29284
22141
24335
17611
20349
10590
11096
13689
14037
16361
19344
16307
37295
24006
25321
20803
18330
11605
12964
15430
15218
19199
21737
17266
40884
28441
31555
26346
23352
14815
16341
19197
20194
19700
25647
22727
50283
38920
36758
29410
29973
17135
16283
20642
22898
24315
29028
25369
60402
39607
41107
35718
31970
16846
17152
22006
24780
25868
31840
27052
71018
42796
42608
33548
32860
15240
16080
22524
24120
26884
31312
27348
71088
39596
41804
35200
28272
18188
19136
24400
25076
26248
32556
28432
68776
41440
42248
35492
29256
16760
18000
22912
27080
28104
34800
32256
72036
42408
48544
36288
32016
18316
20012
26244
28524
29976
36589
32575
75830
52234
55820
41984
34547
21751
24370
30580
29259
31837
40673
32011
75880
44918
57736
45068
35779
22417
25597
30730
32202
35568
39292
33512
74754
48678
51201
44053
38103
23130
28768
32425
32437
34152
38397
34254
74273
49273
54889
44865
36060
24523
32576
35188
35796
38156
40836
39164
76881
53181
59276
51136
44984
28640
32781
38361
39390
41556
50090
46818
84482
59902
72212
60821
52039
34442
39682
45240
44596
47664
61952
55348
95358
67672
78098
67592
49832
36706
39799
47436
45345
54201
69830
64806
102384
81330
84504
70332
58224
44499
48744
57328
49248
73648
81130
73095
107624
85653
84690
74496
57384
47432
57249
62820
55920
74954
74008
70697
110187
86949
89640
79776
56727
48276
61660
69663
63954
73359
77390
78298
121788
99830
101990
92007
67689
53127
65296
76065
64420
76010
84084
81936
120888
91360
101160
80168
64070
54920
65550
75306
64174
78540
87725
83088
122356
108020
117216
93290
74370
55540
72490
77352
62748
79211
91968
90564
143136
115392
123696
106271
77781
57519
73755
81664
68184
93672
103662
103152
153090
131616
145093
120240
86544
63800
83039
97617
80067
106904
121716
114510
164608
142050
154080
124735
96184
66990
94133
102732
80985
110985
122400
126304
181356
152496
159904
137415
102704
78728
99808
110432
90752
112438
130084
143316
194845
161024
165869
139094
101360
77756
96764
109280
84089
111345
126190
125972
179633
161809
160748
131208
97710
76701
97875
106559
87950
119178
133195
136630
197047
164870
168991
143760
106515
82313
103955
115152
98710
125950
149015
144039
213830
184912
189709
160010
122321
90511
119944
129959
109121
128984
162236
167522
245543
194164
209243
174468
129170
102766
134092
147181
118520
136094
144611
165847
246168
205239
214989
186236
134008
108027
140835
148418
116252
153832
181979
188539
267933
213089
237991
174931
124890
103752
140415
151243
129901
157456
190329
210864
304085
236939
250432
216622
157535
127135
166282
172648
140082
176628
200270
211029
320975
246976
261097
218446
156472
133318
179029
165685
147703
166780
195955
209816
308967
245513
268975
224072
159783
130006
160685
170362
146239
178592
205768
219986
314160
251465
280660
229367
163139
132246
170753
178788
152443
175716
204610
213503
321096
261099
289882
221359
160012
136128
167148
178748
139623
167132
199499
214008
317491
244074
271397
224810
165006
130848
169281
177050
155152
177310
198512
222549
343330
260096
274596
231443
170603
133652
178963
186408
153187
180547
205821
221729
352027
263970
266269
218384
174076
126431
173471
181404
178348
238243
210567
232670
364362
261230
269751
236509
163556
