Value
1621
1988
2166
2302
2282
2476
2086
2030
2040
2082
1948
1882
1820
2085
2408
2273
2377
2493
2086
2262
2367
2367
2287
2327
1982
2391
2650
2540
2694
2923
2487
2603
2686
2665
2446
2304
2203
2629
2896
2698
2818
2958
2471
2828
2835
2794
2528
2585
2326
2673
2929
2821
2959
3182
2641
2835
3036
2868
2659
2388
2284
2628
2765
2751
2615
2828
2469
2430
2660
2631
2439
2291
2194
2586
2835
2763
2859
3223
2735
2773
2925
2939
2603
2515
2276
2698
3021
2856
2912
3257
2739
2893
3048
2879
2820
3073
2478
2822
3101
2874
3108
3508
2672
2964
3062
2907
2619
2709
2324
2677
3094
2704
3105
3359
2641
2908
2766
2591
2480
2490
2167
2324
2921
2699
2938
3236
2643
2894
2822
2521
2475
2545
2235
2354
2850
2521
2836
3249
2720
2877
2845
2592
2588
3073
2244
2349
3109
2766
2947
3497
2790
2839
3145
2713
2826
3149
2498
2605
3350
2933
3157
3742
3005
3376
3624
3108
3208
3284
2745
2746
3534
2987
3329
3948
3188
3587
3626
3160
3093
3263
2747
2897
3721
3288
3660
4139
3599
3454
3571
3190
3200
3038
2760
3835
4014
3224
3468
4224
3639
3498
3558
3000
2717
2898
2217
2442
2963
2706
3095
3744
3214
3047
3157
2798
2700
3070
2431
2272
2981
2919
3106
3878
3154
3239
3349
2839
2886
3254
2580
2580
3265
3072
3448
4395
3436
3624
3497
2828
2856
3097
2583
2855
3713
3457
3953
4679
3838
3932
3590
3248
3306
3264
2866
2974
3587
3780
4134
4574
4037
3908
3828
3403
3231
3326
2981
2956
3689

