209438
232679
249673
239666
243231
262854
222832
240299
260216
252272
245261
245603
223258
246941
264886
249181
250870
271047
224077
248963
269227
263075
256142
252830
234097
259041
277243
261755
267573
287336
239931
276947
291357
282489
280455
279888
260175
286290
303201
283129
289257
310201
255163
293605
313228
301301
293164
290963
263041
290317
306595
294667
303878
319275
270709
304070
323521
312818
307398
300899
280870
310543
329048
316494
316308
341587
290346
321433
347510
334742
322424
323394
290004
324545
347313
322621
322996
345174
287703
323246
349182
336238
324932
325859
293222
325775
352735
328363
332825
360090
300148
343497
362479
348259
342120
342374
314656
342744
374859
344093
356402
383228
314885
355114
377093
356771
344370
344369
313395
333453
362505
324124
346314
353009
297905
340568
334780
332086
317363
314997
293995
306642
337855
325056
338418
343517
300411
337495
345699
343636
324273
317726
305122
317514
352653
323892
334941
351083
312157
337439
357826
356062
329060
337639
311472
330960
378917
349910
356305
379730
332136
371577
381186
377417
367307
372053
346836
359999
408684
386644
396879
417553
362571
416545
423825
414202
401336
407003
380290
386866
444228
402047
438712
452170
392556
444834
427879
422904
408543
414523
387626
396818
455057
430719
460403
469928
423923
468290
455931
470686
454064
446012
431999
443203
474922
475607
490759
511216
477158
483435
470587
448380
383358
377471
336030
340307
375062
354135
358118
384980
357522
377010
389168
388876
372411
385882
359472
361918
423291
408411
407855
427265
397512
424750
431155
424402
412553
426861
402660
407674
485572
456215
466855
485706
445912
485254
478705
470585
454810
458653
436347
455886
503661
475870
494942
489908
458453
497325
487011
497120
470251
466517
450912
454620
502847
483124
502851
498138
475206
504328
499417
505684
478027
480051
456457
459554
516315
