1550
1824
2035
2048
2124
2301
1994
2273
2215
2264
2225
1910
1794
2059
2114
2151
2173
2265
2026
2337
2325
2272
2214
1893
1814
2102
2304
2239
2326
2471
2163
2404
2537
2466
2295
2112
1985
2317
2457
2362
2417
2476
2225
2495
2541
2413
2245
2043
1808
2204
2444
2282
2394
2663
2270
2607
2603
2531
2423
2286
2070
2466
2670
2567
2585
2760
2558
2816
2807
2740
2602
2411
2312
2587
2621
2611
2605
2786
2569
2737
2734
2704
2518
2353
2337
2567
2707
2727
2749
2903
2772
2954
2879
2928
2735
2431
2499
2872
3016
2915
2864
3081
2807
3024
2875
2801
2576
2324
2336
2683
2751
2583
2672
2952
2711
2907
2808
2673
2556
2339
2186
2666
2808
2817
2794
2966
2629
2862
2757
2681
2582
2334
2140
2437
2663
2582
2555
2715
2600
2773
2739
2760
2663
2629
2519
2794
2898
2782
2779
2921
2834
3020
2838
2945
2812
2494
2584
2817
2945
2944
2887
3043
2932
3111
3151
3080
2950
2578
2634
2870
3027
2871
2890
3014
2840
2864
2759
2716
2501
2278
2249
2392
2522
2413
2448
2603
2413
2529
2368
2416
2288
2041
2057
2286
2371
2373
2442
2543
2368
2444
2182
2169
1935
1666
1702
1803
1849
1839
1841
1851
1812
1856
1763
1801
1688
1561
1630
1704
1830
1833
1877
1859
1765
1803
1707
1766
1676
1519
1543
1757
1928
1912
1902
1975
1861
1924
1878
1895
1820
1686
1709
1904
2040
1995
2023
2065
1929
2052
1933
1971
1877
1689
1795
1988
2136
2113
2148
2195
2097
2176
2101
2144
2092
1890
1761
1998
2129
