3439
3264
3473
3523
3545
3611
3637
3986
3797
3758
4428
8565
3801
3204
3686
3827
3770
3923
3839
4270
3988
3920
4853
9010
3931
3543
4157
4101
4105
4302
4243
4900
4558
4355
5348
9706
4454
3744
4374
4304
4403
4615
4484
5231
4794
4435
5715
10089
4665
4095
4661
4552
4565
4816
4719
5543
4767
4769
6015
10601
4830
4113
4735
4607
4874
4963
4848
5526
5027
4961
6162
10642
4997
4447
4966
4989
5180
5364
5194
5808
5361
5227
6182
10930
5243
4719
5388
5219
5364
5692
5523
6025
5656
5491
6685
11453
5309
5161
5783
5577
5858
5954
5787
6507
6122
5527
6816
11407
5621
5131
5898
5433
5726
5942
5666
6769
5876
5711
7401
11662
6004
5054
5846
5476
5763
5744
5673
6770
5901
5679
7346
11424
6026
4919
5507
5481
5648
5792
5721
7185
6085
5693
7039
11671
6351
5366
5880
5614
5694
6007
6118
7163
6230
5900
7197
11764
6270
5336
6067
5933
5942
6082
6193
7404
6239
5978
7260
12185
6735
5553
6402
6047
6263
6468
6257
7588
6787
6005
7187
11856
6538
5323
6463
5881
6462
6814
6616
8079
6647
6294
7740
11794
6819
5783
6401
6156
6738
6644
6657
8252
6437
5878
7014
11258
6769
5341
6000
5947
6219
6375
6295
7762
6464
5838
6740
11290
6551
5258
6308
5909
6137
6502
6368
7677
6364
5872
7269
11442
6363
5460
6444
6273
6201
6521
6290
7940
6665
5874
7232
11129
6464
5936
6987
6396
6781
7062
6666
8264
6787
6293
7676
11938
7183
6157
7215
6476
6917
7031
6995
8513
6944
6604
8323
12440
6617
5820
6821
