3241
3032
3236
3154
3201
3417
3517
3417
3407
3585
3842
5582
3558
3266
3684
3521
3568
3835
4048
4016
4016
4036
4560
6506
4076
3824
4365
4059
4192
4541
4445
4728
4674
4868
5553
7941
4934
4532
5108
4557
4986
5202
4974
5411
5242
5353
6028
8443
5301
5024
5450
5159
5391
5367
5338
5704
5503
5645
6121
8360
5290
5030
5478
5251
5392
5469
5668
5840
5626
5673
6321
9023
5887
5451
5871
5410
5591
5897
6051
6277
5899
5910
6669
9614
6054
5679
6240
5738
5987
6201
6414
6506
6275
6139
7083
10661
6591
6503
6716
6071
6360
6343
6296
6780
6422
6170
7308
10646
6372
5934
6294
5547
5955
6163
6168
6669
5926
6130
7686
11396
6583
6254
6620
5994
6508
6539
6522
6964
6293
6444
7703
11316
6519
6019
6360
5879
6556
6623
6810
7403
6777
6924
8316
12503
7164
6951
7222
6646
7123
7381
7427
7798
7292
7273
8933
13206
7581
7510
7852
7179
7595
7863
7857
8445
7888
7865
9660
14045
8520
7992
8401
7552
8189
8334
8289
8887
8234
7957
10303
15331
8689
8316
8544
7684
8450
8446
8471
9221
8284
8325
11023
15220
8718
8742
8532
7981
8867
8639
8813
9039
8054
7771
10008
13499
8375
8157
7583
6914
7342
7585
7535
7860
7241
7063
9512
12863
7587
7836
7736
7115
7578
7934
7905
8086
7618
7305
9470
12958
7530
7757
8179
7305
7620
7869
8005
8428
7711
7829
10145
13077
7671
8089
8317
7043
7772
7789
7962
8228
7572
7409
10077
13058
7862
7944
7910
7253
7775
7752
7946
8370
7698
7996
10322
12343
7725
7890
7754
