29811
31217
35136
36082
36460
38389
37814
35436
35883
36738
32360
33067
32200
32787
39258
41055
41390
42995
42978
41706
40274
40287
38982
39004
36499
39207
48794
47592
47065
49302
45730
48327
46351
46178
43612
42484
40555
41459
51531
47869
52775
54922
49968
53479
48827
48488
46040
43802
44859
49575
55636
54096
58150
54914
55071
55481
51121
54229
48137
46238
48395
50126
57665
56305
57939
57464
58472
58070
54860
55571
48573
50377
49721
50744
59831
60028
62210
64854
59770
57742
56630
59483
52556
54846
52535
57052
67732
64869
67822
69366
68335
69464
64572
62383
59856
60218
58773
66892
75067
65986
73050
73002
67260
71850
65835
63805
58449
56241
59261
61518
71400
67278
74342
72739
69045
73327
60942
79534
65196
60997
60565
62937
69771
70792
72154
71067
76408
79583
65150
66329
60589
63466
62134
61021
71864
72396
76730
74622
78478
77662
70122
68133
61677
66749
61146
65230
78662
73252
77491
75355
78837
76377
73580
68745
65221
72476
61936
66945
80609
77669
78327
85378
87710
81220
69412
63594
64845
70662
65737
67452
82754
76180
81517
80599
80889
82997
73000
70365
67512
70995
66585
69373
83833
77265
85183
79824
79097
84633
73470
74461
67344
69071
65842
69073
76685
73837
76268
69543
69800
69812
60618
55151
47965
52485
50234
50142
57327
56128
57966
59754
62543
66463
52323
55026
50158
55938
49975
51988
67683
64609
65484
64921
67289
66343
61956
61712
59187
64973
58406
63255
76046
70352
70085
70954
69900
71940
67434
66283
64184
71090
62182
70375
81129
73313
79512
75587
74800
80204
70863
71857
69299
73830
69037
72880
83307
81037
86431
82623
86067
88856
75778
79262
76098
78912
71033
75874
90896

