Value
1123
1334
1514
1470
1476
1596
1401
1459
1554
1497
1486
1504
1232
1486
1679
1529
1575
1790
1602
1659
1726
1619
1618
1479
1346
1653
1884
1826
1820
2059
1696
1846
1868
1719
1688
1680
1464
1617
1796
1632
1696
1901
1564
1842
1872
1737
1694
1530
1423
1581
1923
1737
1830
2004
1610
1810
1804
1741
1683
1671
1379
1662
1948
1729
1699
2078
1597
1779
1987
1895
1779
1862
1506
1812
2053
1827
1864
2242
1838
1869
2017
1786
1782
1876
1504
1915
2073
1908
1843
2141
1755
1925
1825
1801
1855
1827
1629
1992
2287
1939
2058
2323
1756
1915
2100
1806
1799
1811
1609
1842
2119
1819
1939
2072
1614
2004
1869
1789
1751
1872
1528
1767
1905
1876
1980
1932
1742
1858
1949
1837
1912
1984
1509
1698
1960
1822
1897
2064
1784
1979
2162
1950
1974
2227
1555
1791
2068
1848
1965
2188
1855
2088
2233
1918
2120
2360
1600
1882
2144
1929
2049
2266
1881
2181
2231
2035
2126
2211
1495
1701
2079
1950
2121
2318
1796
2180
2214
1972
1944
2163
1439
1687
2061
2233
1984
2125
1761
2045
2159
2013
1918
1869
1530
1712
1925
1867
1940
1975
1821
1836
1924
1854
1543
1578
1292
1378
1686
1651
1640
1720
1466
1533
1604
1497
1535
1509
1246
1308
1729
1708
1522
1659
1388
1532
1513
1463
1537
1415
1171
1323
1753
1579
1564
1628
1332
1537
1577
1502
1517
1487
1238
1416
1692
1593
1692
1658
1417
1588
1632
1638
1610
1436
1374
1486
1758
1699
1791
1715
1593
1744
1709
1738
1741
1593
1405
1541
1899
