1269
1102
563
530
635
643
911
949
1923
1589
1257
955
772
705
487
393
591
581
854
561
1277
1880
1231
921
636
695
596
618
576
539
1083
882
1961
1359
1315
957
891
594
492
478
473
687
949
1129
2001
1190
1342
1086
844
620
596
497
796
761
1059
1225
2030
1903
1549
1502
855
689
622
508
936
786
851
1280
1891
2026
1679
1316
763
656
476
483
658
628
1044
1223
1895
2104
1479
1028
650
760
489
733
889
793
1099
1119
2445
1820
1509
993
787
621
680
609
437
817
914
1304
2479
1531
1588
909
835
650
582
526
503
585
837
1074
1583
1286
954
734
412
366
412
280
346
427
364
979
1055
989
796
536
476
422
300
344
317
322
711
694
1376
1318
976
774
566
565
307
434
415
437
695
804
1664
1709
1244
959
786
491
308
409
505
706
748
1188
1827
1694
1425
1086
818
533
442
537
442
744
879
1304
1933
1763
2067
1344
778
657
494
624
686
900
1116
1502
2459
2144
1796
1630
1090
796
500
795
817
837
1078
1787
2761
2160
2246
1780
1111
878
615
803
721
841
1265
1659
2345
2749
2078
1758
1310
892
684
616
808
799
762
686
1009
877
859
638
669
431
367
474
387
726
695
649
620
769
411
399
382
405
226
281
231
236
442
325
355
117
108
214
40
134
88
98
70
96
79
131
159
112
204
174
128
119
104
87
74
92
140
192
250
179
162
301
188
152
192
181
132
249
1085
240
392
217
321
291
324
194
196
233
181
413
533
448
299
688
1314
437
916
484
317
318
799
528
755
767
1349
1124
885
951
736
719
662
601
490
777
863
1158
1564
1446
1491
970
858
708
446
566
682
476
762
944
1603
1634
1719
1321
920
761
642
567
785
811
1208
1435
1756
2434
1993
1404
1050
1040
695
829
738
879
1595
1620
2239
2058
2185
1506
1045
722
612
725
1019
945
1677
1561
2418
2232
2450
1744
1355
1027
1016
814
898
1292
1575
1662
2550
2204
2558
1714
1342
1108
883
929
992
1144
1491
1891
2463
2500
2631
2132
1451
1255
863
956
1011
1203
1844
1871
3194
3368
2540
2390
1504
1467
911
1023
1171
1596
2024
2228
3336
3183
2659
2577
2171
1398
1061
1150
1332
1761
2441
3903
3277
3368
3162
2955
2062
1330
1271
1373
1540
2056
2714
2824
4407
3318
3619
3258
2687
1413
1202
1262
1597
2377
2371
2753
4923
3770
3817
3001
2238
1551
1351
1515
1787
2931
3367
3482
5395
4391
4598
3951
2453
1783
1568
1599
1944
2874
3862
3952
6159
5213
5171
4346
2921
2504
1966
2128
3166
3682
5567
5184
7181
6185
6601
4603
3351
2936
2336
2485
3026
4107
6172
6798
8325
7241
6584
5524
3754
3268
2690
2720
4071
5063
6959
7142
10504
8139
8552
6842
4195
4163
3205
2993
4308
5469
7750
8672
11641
9716
11456
8467
5430
4992
3478
3955
5725
7109
9266
9789
14859
12187
11207
10019
6678
6692
4377
5105
7678
7285
10992
10146
15729
14587
12457
11145
7998
6875
6285
7487
7701
7574
9441
10765
17169
14541
14265
13087
7891
7368
6059
7052
8550
7328
10409
12176
21328
13809
15323
14609
9314
8645
7192
8432
10029
8701
11678
15962
24415
16423
16902
17298
12086
9974
8837
10463
12917
10338
15552
18597
28193
19761
22278
21873
13623
17055
9995
12554
14615
12508
18974
22218
34035
24842
22372
24789
16299
13944
11207
14674
16204
13593
21782
23380
39376
27925
26995
29265
21897
17684
14085
18839
21250
17313
23174
28945
50209
39530
30791
34527
25443
21898
14890
18221
24627
20779
28630
32624
56982
44209
35180
37711
26958
23752
15424
17732
27650
20354
30404
36390
61770
47030
39070
38052
27212
24134
13312
17444
27632
21404
31572
36472
60696
48176
35792
36376
29784
21296
17032
22804
27476
21168
29928
37516
62156
44672
40500
36608
28524
23060
15760
20892
28992
23048
35052
40564
69304
49968
42068
41512
29272
25868
18216
23166
29808
25232
33780
43916
69576
48224
51353
46784
31284
26681
22817
26944
32902
25567
37113
44788
70706
49699
48783
46172
33932
29105
24159
29089
33134
29011
39303
44924
70726
50300
46463
42435
37339
29408
24699
30412
35463
30226
38294
44954
71733
50086
48477
46567
35892
29343
26708
34600
36401
33776
42426
47551
76638
50805
52441
51860
45661
34516
31611
35560
39301
37164
47088
56558
85046
57417
63805
63268
52035
40792
39359
39396
49867
42707
54258
71207
95447
67178
69783
67044
57089
41080
39461
43041
50437
48836
60612
79483
109380
77730
85908
70152
62820
48180
47103
54048
53600
60240
76776
92300
115456
83545
85689
75735
60824
49761
51344
60480
58320
64920
76208
82082
115984
79794
89451
78354
65079
47862
55107
63010
64889
69817
74272
87350
126093
98232
93600
88120
78138
55242
57438
68288
69432
68030
80355
92631
126504
88584
94010
88410
62645
55230
58256
69860
69399
70587
81389
98956
126144
92612
115790
98846
79520
61880
58180
80201
70037
70704
83699
103356
140856
112104
118848
107172
88308
67639
62361
79365
74580
78792
99780
116857
151172
124446
140616
129402
96960
73296
69990
93401
88296
92183
114632
131628
167715
137792
144540
132570
110097
80179
73931
102908
92582
95115
116850
135015
187216
145673
160848
141424
119220
86590
87815
105712
101056
100944
121754
149226
208458
155097
166175
149294
112302
87836
83482
105910
99216
98746
114979
140358
183830
149175
158391
130373
115704
81383
80269
106540
93641
102642
121796
149563
195262
156378
169078
145303
121548
89774
87708
111675
104080
114310
132917
169317
205390
169404
192856
152910
143681
99068
97516
130571
117365
113750
146610
182324
243023
197765
199792
176875
153186
110936
112279
144380
136864
131194
142095
164636
239807
204717
212233
202504
143877
118201
115194
152156
133272
136085
162327
198705
265691
220861
222201
193853
150416
102745
111982
145564
135351
148420
165821
211735
297280
244333
238032
211748
184379
132715
134813
173328
152104
161182
181371
220610
313057
249933
250070
234101
174757
135708
157547
168422
150656
163785
176216
214694
307061
250554
252431
226966
191648
135279
139891
166970
155699
166531
186639
229913
319040
246748
267569
239203
193229
140755
145498
173046
164775
168838
179947
228813
317259
253515
280513
250806
179388
140483
142413
175738
162485
157704
173938
219313
322207
244030
256559
226461
195883
141916
135162
176198
161100
172425
187372
219939
341337
256652
267855
243263
187962
141336
145825
182904
168081
174157
184898
226455
345656
265553
268259
215553
197777
140741
131269
176084
175909
219940
215902
230292
364165
266839
259083
239929
195668
140841
